MCONumber                               CompanyName                                        WKT
--------------------------------------- -------------------------------------------------- ----------------------------------------------------------------------------------------------------------------------------------------------------------------------------------------------------------------------------------------------------------------
700                                     UHC of Southern Oregon                             POLYGON ((-124.07805215999998 44.83773702, -124.09369199999999 44.61234399, -124.10192303999999 44.405829989999994, -124.12661687999999 44.26967799, -124.15377996 43.995087989999995, -124.17929711999999 43.820037989999996, -124.23856212 43.57977003, -124.3
701                                     UHC of South Seattle                               MULTIPOLYGON (((-121.29804216 47.14822899, -121.29906707999999 47.14956099, -121.29931583999999 47.15095203, -121.30050492 47.15226702, -121.30177715999999 47.155938029999994, -121.30260299999999 47.15648604, -121.30537715999999 47.160568979999994, -121.30
702                                     UHC of South Puget Sound                           POLYGON ((-122.29109387999999 47.10375, -122.29151796 47.10376296, -122.29148088 47.10674898, -122.28991199999999 47.106576989999994, -122.28971111999999 47.107301039999996, -122.29040303999999 47.107386989999995, -122.29042895999999 47.108384009999995, -1
703                                     UHC of Inland Northwest                            POLYGON ((-121.37951591999999 47.08684899, -121.38237899999999 47.08534401, -121.38336 47.08416303, -121.38346908 47.083132979999995, -121.38055992 47.07959004, -121.37931504 47.075601959999993, -121.37526 47.073152969999995, -121.37526107999999 47.0729580
704                                     UHC of Western Oregon                              POLYGON ((-124.060392 44.92890396, -124.02653507999999 44.926837019999994, -124.02029087999999 44.926521029999996, -124.02310895999999 44.914491, -124.01670311999999 44.90805897, -124.01165196 44.90181801, -124.00770096 44.899443, -124.008147 44.8975770299
705                                     UHC of Hawaii                                      MULTIPOLYGON (((-155.20092408 19.971036989999998, -155.26705103999998 20.01832803, -155.34646487999998 20.055209039999998, -155.43758699999998 20.09833596, -155.49548688 20.11737096, -155.55844908 20.135811959999998, -155.58565896 20.12599701, -155.5945178
706                                     UHC of East Sacramento                             POLYGON ((-120.57571907999998 39.706534979999994, -120.65402483999999 39.70671597, -120.65393303999998 39.706316009999995, -120.65473008 39.70549602, -120.65398307999999 39.70314396, -120.65443595999999 39.702329999999996, -120.65436899999999 39.70139904, 
707                                     UHC of South Bay                                   POLYGON ((-122.11876115999999 37.50727302, -122.10419592 37.49082804, -122.05987415999999 37.46177703, -122.01740387999999 37.463974019999995, -121.97446812 37.46606499, -121.97648915999999 37.438154999999995, -121.97221812 37.438182989999994, -121.9639589
708                                     UHC of San Francisco                               MULTIPOLYGON (((-122.11876115999999 37.50727302, -122.13954107999999 37.50962697, -122.15873807999999 37.503035999999994, -122.17476887999999 37.51135299, -122.17932108 37.521082979999996, -122.19535115999999 37.53928602, -122.238693 37.556861039999994, -1
709                                     UHC of Fresno                                      POLYGON ((-119.20430196 37.837016999999996, -119.20330583999998 37.83502503, -119.20290587999999 37.83252501, -119.20200587999999 37.83052503, -119.20187915999999 37.829279969999995, -119.20260599999999 37.827225, -119.20522392 37.82637999, -119.21039712 3
710                                     UHC of Central Valley                              POLYGON ((-119.25785484 37.91176299, -119.32441415999999 37.97052102, -119.30800787999999 38.044728, -119.32299611999998 38.051561969999995, -119.33347715999999 38.07567504, -119.42685503999999 38.111069969999996, -119.44921787999999 38.091798989999994, -1
711                                     UHC of Van Nuys / San Luis Obispo                  MULTIPOLYGON (((-121.19588999999999 35.79435099, -121.34630015999998 35.795220029999996, -121.35404915999999 35.79566301, -121.33584108 35.77325904, -121.33386287999998 35.75558502, -121.32357083999999 35.74832499, -121.31842499999999 35.70666498, -121.293
712                                     UHC of Los Angeles West                            POLYGON ((-118.60570512 34.13682504, -118.60685099999999 34.13580903, -118.61320283999999 34.125582959999996, -118.61370611999999 34.12818702, -118.61710595999999 34.13148597, -118.61829503999999 34.12825101, -118.63073015999998 34.13614302, -118.63143 34.
713                                     UHC of Los Angeles East                            POLYGON ((-118.15531487999999 34.098587009999996, -118.15539191999999 34.09768998, -118.15589987999999 34.09668396, -118.15935803999999 34.09448697, -118.16088803999999 34.093322009999994, -118.16062416 34.09194402, -118.16097192 34.091175959999994, -118.1
714                                     UHC of San Fernando Valley                         POLYGON ((-118.39058711999999 34.12219203, -118.39033799999999 34.122732029999995, -118.38762288 34.12345302, -118.38654107999999 34.12139301, -118.38313799999999 34.122195, -118.38135888 34.12258101, -118.38112991999999 34.12302903, -118.38152195999999 34
715                                     UHC of North Orange County                         POLYGON ((-117.63659087999999 33.829929, -117.63736487999999 33.83076699, -117.66210299999999 33.85748304, -117.67428287999999 33.85795698, -117.67494095999999 33.86852001, -117.67221504 33.86911203, -117.67412592 33.871142969999994, -117.68031611999999 33
716                                     UHC of San Bernardino                              POLYGON ((-116.98530084 34.99015203, -116.99950607999999 34.983703979999994, -117.19665287999999 35.07932304, -117.24758315999999 35.08288002, -117.34112483999999 35.083630979999995, -117.408807 35.20552401, -117.48594492 35.23730499, -117.50978987999999 3
717                                     UHC of San Diego                                   POLYGON ((-117.28290204 32.941285019999995, -117.283086 32.941278, -117.26983908 32.93289702, -117.26678195999999 32.91322401, -117.26046396 32.886701009999996, -117.26453987999999 32.85623304, -117.275589 32.85279603, -117.28100411999999 32.84794601999999
718                                     UHC of Idaho                                       POLYGON ((-119.65534308 44.34554196, -119.65558607999999 44.30696499, -119.65757796 43.959050999999995, -119.77565184 43.95907098, -119.77573788 43.943597999999994, -119.77750008 43.703523989999994, -119.78341307999999 43.69793598, -119.73796091999999 43.6
719                                     UHC of Northeast California                        POLYGON ((-119.99833091999999 41.755561019999995, -119.99916791999999 41.99454099, -120.87948096 41.99378202, -121.44760487999999 41.997178979999994, -122.28952715999999 42.00776397, -123.045255 42.003048959999994, -123.14595995999998 42.009246989999994, -
720                                     UHC of South Utah                                  POLYGON ((-113.33762388 36.999983969999995, -113.01384816 36.999983969999995, -113.01032916 36.999983969999995, -113.00732495999999 37.00020204, -112.95340596 37.000251, -112.86232811999999 37.00052802, -112.80887315999999 37.00050804, -112.60978811999999 
721                                     UHC of Western Arizona                             POLYGON ((-113.333823 33.638720039999995, -113.33403288 33.61241097, -113.33331503999999 33.56574003, -113.33373803999999 33.52623696, -113.33443607999999 33.50003598, -113.33392092 33.37742502, -113.33405015999999 33.316868969999994, -113.33421791999999 3
722                                     UHC of Northern Colorado                           POLYGON ((-103.85786988 40.865993999999993, -103.85900604 40.867581959999995, -103.85915291999999 40.869079019999994, -103.86186011999999 40.871241, -103.86172799999999 40.874471009999993, -103.86417203999999 40.875038999999994, -103.86170207999999 40.8750
723                                     UHC of Eastern Arizona                             POLYGON ((-109.960128 32.83238601, -109.95959196 32.832614969999995, -109.95802703999999 32.832485999999996, -109.95743087999999 32.833422989999995, -109.95545987999999 32.834525039999995, -109.95299784 32.83439796, -109.95137208 32.835086999999994, -109.9
724                                     UHC of Northern New Mexico                         POLYGON ((-103.05260999999999 33.570600029999994, -103.04964899999999 33.732044009999996, -103.04734608 33.824675969999994, -103.04564507999999 33.901536959999994, -103.04361791999999 34.00363296, -103.04348003999999 34.11281502, -103.04393687999999 34.302
725                                     UHC of Fargo                                       POLYGON ((-95.015552039999989 45.903188969999995, -95.01555384 45.90344799, -95.015585879999989 45.90786798, -95.015589119999987 45.908180009999995, -95.015589119999987 45.918456029999994, -95.02571988 45.918996029999995, -95.025035159999987 45.93219200999
726                                     UHC of Southern Minnesota                          POLYGON ((-94.755681 44.892109979999994, -94.758198839999991 44.892066959999994, -95.12565912 44.89156998, -95.12537291999999 44.920832039999993, -95.207118839999993 44.920629, -95.207690879999987 44.934794999999994, -95.248713959999989 44.934668009999996,
729                                     UHC of Northern Minnesota                          MULTIPOLYGON (((-95.601979079999992 48.36554802, -95.206691159999991 48.36648303, -95.204404079999989 48.194530019999995, -95.59427292 48.193005959999994, -95.593780079999988 48.172967009999994, -95.592488039999992 48.020559029999994, -95.58288791999999 48
730                                     UHC of Nebraska                                    POLYGON ((-104.05312812 43.00058601, -104.05277496 42.611590979999995, -104.052843 42.09566796, -104.052618 42.00170103, -104.05280484 41.98935402, -104.05299095999999 41.914972979999995, -104.05288583999999 41.809329, -104.05298196 41.78286198, -104.05268
731                                     UHC of Maine                                       POLYGON ((-66.96469008 44.913267, -66.993918119999989 44.921616029999996, -67.02089796 44.95262904, -67.06690092 45.02780496, -67.10662404 45.096747029999996, -67.129253999999989 45.12866697, -67.16132496 45.16023204, -67.189815 45.164021039999994, -67.204
732                                     UHC of South Orange County                         POLYGON ((-117.52079796 33.31611801, -117.50512787999999 33.33193299, -117.50397695999999 33.336146969999994, -117.50308415999999 33.33591801, -117.50279687999999 33.33652803, -117.49984199999999 33.33834999, -117.49832891999999 33.33756303, -117.494408159
733                                     UHC of North East Dallas                           POLYGON ((-96.94463508 33.02630901, -96.94433484 33.02534403, -96.945039 33.02309997, -96.94431288 33.02090199, -96.94490796 33.01963299, -96.946417079999989 33.018037019999994, -96.94828512 33.018012, -96.94952316 33.018715979999996, -96.95004804 33.01836
734                                     UHC of Northern Kansas                             POLYGON ((-99.62541612 40.001452019999995, -99.627707159999986 39.56733396, -99.601530119999993 39.567839039999996, -99.605231999999987 39.132523979999995, -99.591805079999986 39.13247601, -99.594258119999992 38.986416989999995, -99.59470992 38.93775497999
735                                     UHC of Missouri                                    POLYGON ((-94.618037879999989 37.01308401, -94.618079999999992 36.99818604, -94.618158839999992 36.980506979999994, -94.618145879999986 36.95851296, -94.618509839999987 36.86893002, -94.618307159999986 36.766559969999996, -94.618025999999986 36.66943097999
736                                     UHC of Saint Louis                                 POLYGON ((-91.402450919999993 38.615984999999995, -91.392163919999987 38.606077979999995, -91.380810959999991 38.60547597, -91.38196692 38.599541009999996, -91.39644396 38.59801101, -91.39453884 38.575035, -91.386523079999989 38.569310009999995, -91.387136
737                                     UHC of South Austin                                POLYGON ((-96.96376115999999 30.557107979999998, -97.00435404 30.536070029999998, -97.006807079999987 30.534901019999996, -97.051601879999993 30.511421999999996, -97.155224999999987 30.457349999999998, -97.17732504 30.450236039999997, -97.17845184 30.44759
738                                     UHC of Southwest Oklahoma City                     POLYGON ((-100.00038708 35.298673019999995, -100.00038599999999 35.182702979999995, -100.00038491999999 35.142435989999996, -100.00038384 35.03038599, -100.00038203999999 34.81244397, -100.00038203999999 34.681812029999996, -99.997502039999986 34.56057402,
739                                     UHC of Northwest Chicago Suburbs                   POLYGON ((-88.41526812 42.494617979999994, -88.444317959999992 42.494741999999995, -88.515740159999993 42.49480104, -88.525709999999989 42.49491696, -88.66410588 42.49464201, -88.72671708 42.493069979999994, -88.726646159999987 42.49009503, -88.72572312 42
740                                     UHC of W Texas                                     POLYGON ((-104.98001292 30.629096999999998, -104.97164903999999 30.604853969999997, -104.92929683999999 30.593526029999996, -104.90238504 30.560958, -104.87864411999999 30.439106999999996, -104.82655788 30.34677996, -104.70409704 30.185345969999997, -104.7
741                                     UHC of East Dallas                                 POLYGON ((-97.021946879999987 32.838364979999994, -97.020624959999992 32.836383, -97.01964108 32.834409029999996, -97.00563996 32.83426899, -96.993943919999992 32.83421301, -96.98448816 32.83438104, -96.96848184 32.834156039999996, -96.962801039999988 32.8
742                                     UHC of Arkansas                                    POLYGON ((-95.283033839999987 34.694187029999995, -95.28250788 34.693250039999995, -95.28284088 34.690554989999995, -95.282205119999986 34.687881989999994, -95.282483039999988 34.685575019999995, -95.28209604 34.68383703, -95.28209604 34.68310398, -95.2825
743                                     UHC of Northern LA                                 POLYGON ((-95.153410079999986 32.57014203, -95.15947788 32.564493989999995, -95.16216996 32.55363198, -95.159783879999992 32.550283979999996, -95.16761496 32.54379003, -95.17602384 32.55521796, -95.18320908 32.541266969999995, -95.18493887999999 32.5415420
744                                     UHC of San Antonio East                            POLYGON ((-98.964613079999992 30.921369029999997, -98.964195839999988 30.907007999999998, -98.96449788 30.89826603, -98.963854919999989 30.808032029999996, -98.963832959999991 30.78988398, -98.96315616 30.79040598, -98.96039388 30.790887029999997, -98.9596
745                                     UHC of Gulf Coast TX                               POLYGON ((-95.873812919999992 29.229518969999997, -95.844664079999987 29.204681039999997, -95.857796159999992 29.19335103, -95.852977919999987 29.189126969999997, -95.83868088 29.176281989999996, -95.84861292 29.163535019999998, -95.847883919999987 29.1455
746                                     UHC of West Houston                                POLYGON ((-96.72635016 30.351833009999996, -96.721484039999993 30.347111969999997, -96.72330708 30.341261969999998, -96.722562959999991 30.33551403, -96.719627159999987 30.332822039999996, -96.715819079999989 30.332932019999998, -96.71587308 30.325815, -96
747                                     UHC of Southern Louisiana                          POLYGON ((-92.04643908 29.570141969999998, -91.99220004 29.510748989999996, -91.868094 29.469392009999996, -91.87568712 29.421479969999996, -91.85611284 29.391435989999998, -91.81230407999999 29.40605298, -91.730278079999991 29.511559979999998, -91.5345359
748                                     UHC of Mississippi                                 POLYGON ((-91.27441404 31.77814401, -91.260119159999988 31.784452019999996, -91.238011919999991 31.794209009999996, -91.23603408 31.795482959999998, -91.215199079999991 31.785915959999997, -91.20632004 31.79036196, -91.19805912 31.78765098, -91.19502503999
749                                     UHC of Southwestern Wisconsin and Rockford         POLYGON ((-90.192266999999987 44.248985999999995, -90.31203396 44.24878404, -90.315482039999992 44.24871303, -90.31767588 44.292015, -90.436457159999989 44.289150029999995, -90.501344999999986 44.30362203, -90.50221187999999 44.304060959999994, -90.5023450
750                                     UHC of South Eastern Wisconsin                     POLYGON ((-88.899867 43.161101009999996, -88.90296912 43.148863979999994, -88.93024704 43.14578202, -88.933877999999993 43.12928196, -88.93638684 43.129441979999996, -88.936126919999992 43.106598, -88.952514119999989 43.108167959999996, -88.95438684 43.088
751                                     UHC of Northern Michigan                           MULTIPOLYGON (((-83.893897079999988 43.91777304, -83.88944208 43.92015102, -83.873625839999988 43.95521898, -83.85753204 43.96335696, -83.84144004 43.98757497, -83.76347016 43.98215103, -83.73128184 43.99455096, -83.67689808 43.98525099, -83.66136012 44.01
752                                     UHC of South Eastern Michigan                      POLYGON ((-83.24864496 42.342391979999995, -83.249768159999988 42.343652969999994, -83.248355159999988 42.344214029999996, -83.246482079999993 42.346796039999994, -83.24735004 42.348058019999996, -83.24710092 42.34858902, -83.248355159999988 42.35099102999
753                                     UHC of Clearwater                                  POLYGON ((-82.736552879999991 28.350623969999997, -82.77262884 28.266291, -82.82064708 28.187812979999997, -82.83955608 28.09457298, -82.846024919999991 28.02695103, -82.846024919999991 27.968075999999996, -82.86866604 27.893338019999998, -82.8644360399999
754                                     UHC of Detroit Michigan                            POLYGON ((-83.21735484 42.277652999999994, -83.20697315999999 42.28984404, -83.207433959999989 42.289919999999995, -83.20704192 42.29038197, -83.20678812 42.290056979999996, -83.204619839999992 42.293422979999995, -83.20433184 42.292538009999994, -83.20389
755                                     UHC of Northwest Houston                           POLYGON ((-95.456750039999989 29.798946989999997, -95.45067684 29.794521959999997, -95.449912919999989 29.79750501, -95.44871015999999 29.80151604, -95.448366 29.802659039999998, -95.44741092 29.80401804, -95.44503096 29.80632996, -95.441704919999992 29.80
756                                     UHC of North Austin                                POLYGON ((-98.56273895999999 31.230582029999997, -98.564477039999986 31.218308999999998, -98.57020211999999 31.199119019999998, -98.53814016 31.193155979999997, -98.54405315999999 31.179223979999996, -98.505384119999988 31.165297019999997, -98.545380839999
757                                     UHC of Chicago S & SW Suburbs                      POLYGON ((-88.27012008 41.41984797, -88.26609203999999 41.420051009999995, -88.26604596 41.41856997, -88.275642839999989 41.418329039999996, -88.27559712 41.41760598, -88.27862796 41.41750302, -88.27867404 41.41815696, -88.289702999999989 41.41791702, -88.
758                                     UHC of North Shore Chicago                         POLYGON ((-87.61659804 41.91223797, -87.626895839999989 41.93186103, -87.63586595999999 41.95467297, -87.632210879999988 41.95982403, -87.629886 41.965466039999995, -87.64151292 41.97405096, -87.64583184 41.984843039999994, -87.651811079999987 42.002012969
759                                     UHC of N Indiana & S Cook County                   POLYGON ((-87.758490959999989 41.44077504, -87.75768312 41.426947979999994, -87.755829119999987 41.427413009999995, -87.756140159999987 41.432110019999996, -87.747694919999986 41.43172599, -87.747081839999993 41.43024, -87.738715079999992 41.43021399, -87.
760                                     UHC of Illinois                                    POLYGON ((-90.602362079999992 39.28747302, -90.602732879999991 39.28490496, -90.608789159999986 39.25890801, -90.597777839999992 39.242280959999995, -90.59675292 39.23553897, -90.594417959999987 39.235532039999995, -90.577104119999987 39.232002959999996, -
761                                     UHC of Tulsa                                       POLYGON ((-93.296073959999987 36.49845402, -93.583187999999993 36.49889502, -93.83403888 36.49885497, -94.07708892 36.498731039999996, -94.085494919999988 36.498698999999995, -94.18144104 36.498815009999994, -94.231970999999987 36.499107959999996, -94.2711
762                                     UHC of Northern Alabama                            POLYGON ((-85.42171692 34.080756029999996, -85.46220792 34.28638596, -85.583144879999992 34.86037104, -85.605166079999989 34.984679039999996, -85.86382716 34.98833196, -86.06708712 34.989514019999994, -86.15299212 34.989933959999995, -86.311275119999991 34
763                                     UHC of Western Georgia                             POLYGON ((-84.297801959999987 33.58661301, -84.29875704 33.58646604, -84.30210215999999 33.58686699, -84.30201215999999 33.591310019999995, -84.30653808 33.591355019999995, -84.30772608 33.590972969999996, -84.30878088 33.590942999999996, -84.3098579999999
764                                     UHC of South Central Indiana                       POLYGON ((-87.53219496 39.60728199, -87.53219496 39.60727299, -87.532068959999989 39.578453999999994, -87.531663959999989 39.477120029999995, -87.531356159999987 39.436656029999995, -87.53135687999999 39.41900604, -87.53164704 39.34788903, -87.587660879999
765                                     UHC of N W Ohio                                    MULTIPOLYGON (((-84.80596211999999 41.69608803, -84.806073 41.669000999999994, -84.80557512 41.603043959999994, -84.80445911999999 41.50034802, -84.80427696 41.485473989999996, -84.80389392 41.36814603, -84.803933879999988 41.32493802, -84.80379384 41.2999
766                                     UHC of Cleveland                                   POLYGON ((-80.90616096 41.870286, -80.98704287999999 41.859803969999994, -81.00842904 41.85630999, -81.12714695999999 41.81520096, -81.229415039999992 41.769160019999994, -81.259301159999993 41.761143989999994, -81.273008879999992 41.76196596, -81.282879 4
767                                     UHC of Akron                                       POLYGON ((-80.649936 40.244591969999995, -80.638980839999988 40.25262402, -80.621799119999991 40.260998969999996, -80.615827079999988 40.26648897, -80.61412104 40.27421304, -80.61448716 40.287335039999995, -80.60132592 40.30836597, -80.59803516 40.31953299
768                                     UHC of Coastal South Carolina                      POLYGON ((-82.03733892 32.556681, -82.032401159999992 32.555699999999995, -82.03307903999999 32.554470959999996, -82.034251919999988 32.55346503, -82.015323119999991 32.550875999999995, -82.01537712 32.551907039999996, -82.016241839999992 32.55325902, -82.
769                                     UHC of Central Ohio                                POLYGON ((-83.44792692 38.67568101, -83.468912039999992 38.67375798, -83.457405 38.668563989999996, -83.441004119999988 38.66739903, -83.41913484 38.66584698, -83.37390696 38.658474, -83.348559 38.647216979999996, -83.33166096 38.639454029999996, -83.32271
770                                     UHC of Cincinnati                                  POLYGON ((-85.44026916 39.17545002, -85.441199039999987 39.146769, -85.44314412 39.073458959999996, -85.44357108 39.05583804, -85.44489696 38.91296799, -85.36795416 38.913545969999994, -85.367949119999992 38.91354498, -85.36784508 38.913545969999994, -85.3
771                                     UHC of Memphis                                     POLYGON ((-88.156293119999987 34.46321499, -88.139989079999992 34.58170404, -88.11691488 34.74136899, -88.09788888 34.89220296, -88.09871616 34.89332796, -88.12768788 34.903259999999996, -88.13016216 34.904750039999996, -88.136692919999987 34.9075929599999
772                                     UHC of North Nashville                             POLYGON ((-85.570729919999991 36.058811039999995, -85.572089999999989 36.05321898, -85.57139303999999 36.052351019999996, -85.565099879999991 36.05170302, -85.564206 36.051857999999996, -85.564041839999987 36.052793009999995, -85.56550596 36.05565204, -85.
773                                     UHC of Louisville                                  POLYGON ((-87.983732159999988 38.230354979999994, -87.98527512 38.215486979999994, -87.977495159999989 38.19978396, -87.93376812 38.15631801, -87.920712 38.17403298, -87.91671708 38.156641019999995, -87.94482516 38.12727303, -87.97130892 38.128169969999995
774                                     UHC of Knoxville                                   POLYGON ((-85.87304712 35.220402, -85.863292919999992 35.220321, -85.863089159999987 35.20861803, -85.870347119999991 35.207732969999995, -85.871138039999991 35.205524999999994, -85.87285308 35.205582959999994, -85.87114992 35.202213, -85.873034159999989 3
775                                     UHC of Central Alabama                             POLYGON ((-88.34043312 32.99120001, -88.34788692 32.929083, -88.38879696 32.57812404, -88.42145292 32.30867997, -88.43137884 32.22766602, -88.473228119999987 31.893856019999998, -88.46442504 31.697882009999997, -88.449437879999991 31.435849979999997, -88.4
776                                     UHC of Central Georgia                             POLYGON ((-84.521364119999987 33.65579502, -84.51995292 33.64792101, -84.519321839999989 33.647346, -84.51464184 33.645015, -84.51398988 33.64381701, -84.51382104 33.64222203, -84.51003096 33.64315002, -84.51039204 33.64437501, -84.50957088 33.644337029999
777                                     UHC of Atlanta West                                POLYGON ((-85.42171692 34.080756029999996, -85.384815839999987 33.891785999999996, -85.34277612 33.675624, -85.29015815999999 33.40923399, -85.28940107999999 33.40904301, -85.28858208 33.40780596, -85.28705316 33.407440019999996, -85.28656104 33.40895103, 
778                                     UHC of S Alabama                                   POLYGON ((-88.432008119999992 31.114298969999997, -88.425433079999991 30.99832398, -88.412613119999989 30.735590039999998, -88.406063999999986 30.58692102, -88.395703919999988 30.381294959999998, -88.39415016 30.352492979999997, -88.39398096 30.34930697999
779                                     UHC of Southern Georgia                            POLYGON ((-85.23650808 33.129566999999994, -85.23237816 33.10807797, -85.20906384 32.99133303, -85.19600484 32.92633602, -85.189071959999993 32.89141404, -85.18474008 32.87052702, -85.18426416 32.86169604, -85.178402999999989 32.854653989999996, -85.169490
780                                     UHC of West Charlotte                              POLYGON ((-80.695536839999988 36.03025098, -80.70137604 36.034442999999996, -80.70669792 36.036738989999996, -80.70901488 36.03670398, -80.71096716 36.034934039999996, -80.713259999999991 36.03474198, -80.715002039999987 36.03597903, -80.71732404 36.038858
781                                     UHC of Eastern Florida                             POLYGON ((-81.027011879999989 27.642003029999998, -81.14217803999999 27.643238009999997, -81.14357484 27.597042, -81.15737688 27.58798602, -81.16149888 27.574422029999997, -81.182168999999988 27.55640196, -81.194240159999993 27.554788979999998, -81.1968811
782                                     UHC of Raleigh                                     POLYGON ((-79.106110919999992 36.54163998, -79.104869999999991 36.538477019999995, -79.104018959999991 36.53767602, -79.10280216 36.53762004, -79.10373204 36.536896979999995, -79.10316684 36.53574903, -79.10044884 36.536065019999995, -79.098552 36.53527302
783                                     UHC of South Carolina                              POLYGON ((-81.61403184 33.09525099, -81.60035112 33.107264009999994, -81.60925284 33.11114796, -81.614738159999987 33.11562402, -81.61723296 33.11829702, -81.62573904 33.12573201, -81.624112919999988 33.127578989999996, -81.62389512 33.12833499, -81.622533
784                                     UHC of Jacksonville                                POLYGON ((-82.01617596 30.79162503, -82.01885508 30.787845029999996, -82.02443292 30.785615009999997, -82.01136204 30.76153002, -82.01200716 30.761262, -82.01292588 30.761794979999998, -82.01904588 30.756311009999997, -82.02701411999999 30.750392969999996,
785                                     UHC of West Orlando                                POLYGON ((-81.622311119999992 28.002269969999997, -81.61991388 28.000181969999996, -81.61990415999999 28.000139039999997, -81.619374959999988 28.000664999999998, -81.617437079999988 27.98954001, -81.614994119999992 27.979040969999996, -81.612642959999988 2
786                                     UHC of West Tampa                                  POLYGON ((-82.414069919999989 27.977804999999996, -82.430637839999989 27.977819039999996, -82.43064 27.97722198, -82.43138196 27.977209019999997, -82.431380159999989 27.97781499, -82.44293291999999 27.977855039999998, -82.44294192 27.996024959999996, -82.4
787                                     UHC of Miami                                       POLYGON ((-81.481088879999987 25.803198, -81.39610692 25.773483959999997, -81.363471839999988 25.715293019999997, -81.35776908 25.685911979999997, -81.31150908 25.692188039999998, -81.286161839999991 25.653374999999997, -81.27602316 25.612253009999996, -81
788                                     UHC of Ft Lauderdale                               POLYGON ((-80.88123311999999 26.333807039999996, -80.87981004 26.259455969999998, -80.87914008 26.172387989999997, -80.872944839999988 25.97943402, -80.680038119999992 25.97874804, -80.68009896 25.956900989999998, -80.43958008 25.95688002, -80.39007396 25.
789                                     UHC of Central North Carolina                      POLYGON ((-80.38275696 36.54788499, -80.38392984 36.546786989999994, -80.37877103999999 36.53800596, -80.39703816 36.52242003, -80.40563784 36.52380702, -80.410737959999992 36.52896996, -80.416017 36.523233, -80.41548311999999 36.514962, -80.41477103999999
790                                     UHC of New Hampshire                               POLYGON ((-71.45200908 42.700390019999993, -71.44969608 42.700382999999995, -71.431506 42.699990959999994, -71.38660788 42.698789999999995, -71.36965511999999 42.698322989999994, -71.35192296 42.69815397, -71.33020596 42.69718998, -71.29420488 42.69699, -7
791                                     UHC of Western Mass & Vermont                      POLYGON ((-72.28298088 42.72154902, -72.41201496 42.72543603, -72.44604 42.726515039999995, -72.45851904 42.72685299, -72.458271 42.728522039999994, -72.45870516 42.729687989999995, -72.463545 42.73656903, -72.46801296 42.741529019999994, -72.4730720399999
792                                     UHC of Wyoming                                     POLYGON ((-111.048975 44.474072039999996, -111.04909199999999 44.132367959999996, -111.04716708 42.259811039999995, -111.04669007999999 42.00156801, -111.06253511999999 41.003397989999996, -109.05007715999999 41.000659019999993, -108.30020615999999 41.0000
793                                     UHC of Western Iowa                                POLYGON ((-96.454056959999988 43.08335199, -96.45584688 43.07717502, -96.45619391999999 43.072398989999996, -96.459143039999987 43.06869, -96.45879312 43.06701501, -96.462968039999993 43.062912, -96.46991315999999 43.06221297, -96.473922839999986 43.063634
794                                     UHC of Coastal Connecticut                         POLYGON ((-73.72777608 41.100696, -73.721730959999988 41.092824959999994, -73.71802512 41.089208039999995, -73.69468092 41.05979001, -73.68968808 41.053418009999994, -73.68296004 41.045313959999994, -73.67977187999999 41.04192303, -73.675922039999989 41.03
795                                     UHC of Northwest Virginia                          MULTIPOLYGON (((-77.266496159999988 38.81124702, -77.266334879999988 38.81189196, -77.2663350927387 38.811892151056206, -77.266496159999988 38.81124702)), ((-78.673973039999993 38.447597970000004, -78.668183159999984 38.455028010000007, -78.653130839999974
796                                     UHC of Rhode Island                                MULTIPOLYGON (((-70.973694 41.86113201, -70.979517 41.883146999999994, -70.98154812 41.88567303, -70.98167412 41.88637404, -70.980950159999992 41.886677969999994, -70.983686159999991 41.89496301, -70.98674004 41.902199999999993, -70.98721416 41.90549598, -
797                                     UHC of Lower Hudson Valley                         POLYGON ((-73.65636792 41.84564202, -73.65784896 41.838262019999995, -73.668916079999988 41.838390989999994, -73.67687892 41.834627999999995, -73.67994216 41.849075969999994, -73.68838812 41.844429, -73.68735384 41.84285697, -73.70976096 41.84092602, -73.7
798                                     UHC of Eastern Mass                                POLYGON ((-71.27767404 42.448976009999996, -71.27638092 42.449128019999996, -71.272736999999992 42.45041997, -71.27064 42.45059403, -71.27080595999999 42.451052039999993, -71.27243388 42.459570989999996, -71.27199504 42.46095096, -71.268159959999991 42.465
799                                     UHC of Western New York                            POLYGON ((-77.72179896 41.99879898, -77.720202 42.001849979999996, -77.721128999999991 42.00409602, -77.72059008 42.00490899, -77.72206392 42.005307959999996, -77.723471159999988 42.007205969999994, -77.72340888 42.007421969999996, -77.72261904 42.00696, -
800                                     UHC of Eastern New York                            POLYGON ((-73.50486516 41.824500029999996, -73.498731839999991 41.89012002, -73.48715784 42.049637999999995, -73.49687999999999 42.04967499, -73.508570999999989 42.08777001, -73.489671 42.13709496, -73.48326084 42.15485997, -73.477850039999993 42.169563, -
801                                     UHC of Northern Washington                         MULTIPOLYGON (((-120.65495003999999 48.723679979999993, -120.731382 48.77304597, -120.75987708 48.95908299, -120.82149791999998 48.94375203, -120.87811187999999 48.96572499, -120.85135487999999 49.000363019999995, -121.94972388 49.000023, -122.136553079999
802                                     UHC of Brooklyn Queens Staten Island               MULTIPOLYGON (((-74.02687488 40.60328697, -74.013201 40.600572029999995, -74.00336003999999 40.592914019999995, -74.001827159999991 40.583123009999994, -74.01358404 40.58040798, -74.01422303999999 40.576238999999994, -74.011667039999992 40.573719, -74.0009
803                                     UHC of Manhattan Bronx                             MULTIPOLYGON (((-73.88679599999999 41.00370804, -73.88922491999999 40.98093399, -73.895094 40.962615029999995, -73.90185192 40.951610009999996, -73.90958904 40.923493019999995, -73.92230604 40.886989019999994, -73.92942 40.876721999999994, -73.93929084 40.
804                                     UHC of Portland                                    POLYGON ((-122.78575799999999 45.85603698, -122.79529296 45.85593402, -122.79816611999999 45.848827979999996, -122.80050791999999 45.844379999999994, -122.81878187999999 45.823425029999996, -122.82446304 45.819502019999995, -122.82675803999999 45.81513999,
806                                     UHC of Long Island                                 MULTIPOLYGON (((-72.59343012 40.998239999999996, -72.63971208 40.983497009999994, -72.68797692 40.98300003, -72.778997879999991 40.970244959999995, -72.834095879999992 40.97306097, -72.89051508 40.967098019999995, -73.042587 40.96825704, -73.12391099999999
807                                     UHC of Las Vegas East                              POLYGON ((-114.75363816 36.09070497, -114.77829204 36.09067401, -114.85470996 36.11823597, -114.86660507999999 36.128457989999994, -114.87261312 36.131498009999994, -114.87820715999999 36.131943959999994, -114.88293683999999 36.12968496, -114.88939416 36.1
808                                     UHC of South Philadelphia                          POLYGON ((-75.39906312 39.83374602, -75.398770079999991 39.831145019999994, -75.39594804 39.828635999999996, -75.39599016 39.826395989999995, -75.40917012 39.81952404, -75.39843708 39.81061296, -75.34581012 39.844366019999995, -75.330433079999992 39.849012
809                                     UHC of Pittsburgh                                  POLYGON ((-78.76889388 39.94111296, -78.77181492 39.93952896, -78.777363959999988 39.935451959999995, -78.78404304 39.93353397, -78.786738 39.93629796, -78.78902183999999 39.94095699, -78.791889959999992 39.94277499, -78.793425 39.94334298, -78.79481892 39
810                                     UHC of Northeastern PA                             POLYGON ((-75.09700584 40.83798204, -75.09840516 40.840587, -75.097518839999992 40.844780009999994, -75.094935839999991 40.84757397, -75.09122604 40.84909398, -75.075327 40.85021097, -75.07269792 40.848642, -75.06855684 40.847934959999996, -75.06525312 40.
811                                     UHC of Harrisburg                                  POLYGON ((-78.915197159999991 39.722825969999995, -78.843048119999992 39.722972039999995, -78.84096912 39.72334401, -78.825287879999991 39.723687989999995, -78.818590079999993 39.72362202, -78.811703999999992 39.722904, -78.79582692 39.722929019999995, -78
812                                     UHC of North Philadelphia                          POLYGON ((-75.696756839999992 40.24170504, -75.719388959999989 40.229489969999996, -75.72014712 40.22981496, -75.72066588 40.22940798, -75.72079692 40.22922501, -75.720801959999989 40.228783019999995, -75.738524039999987 40.219893, -75.762682919999989 40.2
813                                     UHC of Southern New Jersey                         POLYGON ((-74.43459 39.854799, -74.528634959999991 40.03669503, -74.55310415999999 40.07912904, -74.56585392 40.100794019999995, -74.59346196 40.105287989999994, -74.60159616 40.10902803, -74.606081039999992 40.10724, -74.621543039999992 40.11044499, -74.6
814                                     UHC of Northern NJ                                 POLYGON ((-74.25444816 40.88304702, -74.25294588 40.88159199, -74.25210492 40.88176497, -74.249529119999991 40.881015, -74.24904816 40.88145699, -74.24672507999999 40.880823029999995, -74.24416296 40.880595959999994, -74.24265204 40.88103201, -74.242226879
815                                     UHC of East Bay                                    POLYGON ((-121.45475087999999 37.27382202, -121.45147415999999 37.293551009999995, -121.42268207999999 37.29583503, -121.40532504 37.31093298, -121.42284516 37.35863703, -121.40977896 37.385897039999996, -121.45631399999999 37.39633002, -121.47244703999999
816                                     UHC of Riverside                                   POLYGON ((-116.08119396 33.13232001, -116.05682015999999 33.12569799, -115.85511899999999 33.12589797, -115.85383092 33.122709, -115.85241287999999 33.12351396, -115.85158596 33.122109959999996, -115.84998107999999 33.12099396, -115.84843092 33.12114597, -
817                                     UHC of Central New Jersey                          POLYGON ((-75.19016088 40.592211029999994, -75.189597119999988 40.589304029999994, -75.195131039999993 40.581552959999996, -75.19470012 40.577303969999996, -75.18818304 40.570299, -75.18142008 40.56665598, -75.171459959999993 40.564274039999994, -75.161315
818                                     UHC Of Metro Dc                                    POLYGON ((-76.83838596 38.86737201, -76.84456392 38.869152029999995, -76.84378704 38.87445897, -76.84407288 38.88181899, -76.844823839999989 38.88570996, -76.84596216 38.88867096, -76.847924159999991 38.89012203, -76.849921079999987 38.89102302, -76.850876
819                                     UHC of Maryland                                    POLYGON ((-76.998237839999987 39.16728396, -76.998798 39.166328969999995, -76.99902408 39.16466703, -76.99993092 39.163719959999995, -76.999898879999989 39.16103301, -77.006367 39.163911029999994, -77.01112692 39.163717979999994, -77.015387159999989 39.166
820                                     UHC of Baltimore                                   POLYGON ((-76.945725 39.720498029999995, -76.94522784 39.719862, -76.94500212 39.71777004, -76.942352879999987 39.713688989999994, -76.94180784 39.71160999, -76.940103959999988 39.709420019999996, -76.940093159999989 39.70766502, -76.93888392 39.7051070399
821                                     UHC of West Virginia                               POLYGON ((-80.731619999999992 40.03308396, -80.73902808 40.01391603, -80.73923904 39.99599703, -80.737395119999988 39.98427399, -80.73883584 39.97105101, -80.74624788 39.96461601, -80.75698704 39.95818101, -80.76171384 39.95250498, -80.76294 39.94535501999
822                                     UHC of Metro Phoenix                               POLYGON ((-112.06478411999998 33.69726702, -112.06550915999999 33.69413403, -112.06572911999999 33.68383497, -112.07421108 33.683778, -112.07415384 33.66896301, -112.07414988 33.66844596, -112.07415311999999 33.66743004, -112.07385683999999 33.66264699, -1
824                                     UHC of Richmond                                    POLYGON ((-78.33814812 38.62762497, -78.33942216 38.62708497, -78.341883119999991 38.62508004, -78.34213007999999 38.624288039999996, -78.34343616 38.623293, -78.34436316 38.623014989999994, -78.34476384 38.62223604, -78.34448304 38.62007001, -78.34612716 
825                                     UHC of Tidewater                                   POLYGON ((-77.57493192 36.900719009999996, -77.619030119999991 36.877845959999995, -77.62215384 36.879759, -77.62614516 36.880835039999994, -77.62649184 36.881321039999996, -77.63117688 36.88756704, -77.63229 36.888003, -77.63770296 36.88633503, -77.638074
826                                     UHC of Alaska                                      MULTIPOLYGON (((-123.77407104 60.000002009999996, -123.84652103999998 60.06003696, -123.91881588 60.09389802, -123.98141483999999 60.135093, -124.04480111999999 60.192890009999992, -124.08289812 60.225323039999992, -124.11848987999998 60.275076029999994, -
827                                     UHC of Central Canada                              MULTIPOLYGON (((-60.721266959999994 66.74374899, -61.525261079999993 67.14122796, -62.40785688 67.349195999999992, -62.652493079999992 67.54735998, -63.156471119999992 67.72209597, -63.656496 67.775571, -64.063857959999993 67.91954598, -64.244724839999989 
828                                     UHC of Southern Arizona                            POLYGON ((-111.27898008 32.204709, -111.23921195999999 32.204709, -111.23548595999999 32.20301799, -111.22050816 32.197886999999994, -111.21799607999999 32.19742701, -111.21808716 32.22617904, -111.20351004 32.225887979999996, -111.18411287999999 32.226710
829                                     UHC of North Orlando                               POLYGON ((-81.391146119999988 29.011242959999997, -81.440809919999992 29.01059298, -81.45097487999999 29.018694959999998, -81.457553879999992 29.02178097, -81.46083707999999 29.022092009999998, -81.46174284 29.017870019999997, -81.46323396 29.0145689999999
830                                     UHC of Western Florida                             POLYGON ((-82.56240108 27.647828999999998, -82.57781412 27.63819099, -82.57727016 27.631450979999997, -82.57091184 27.62551404, -82.57381812 27.611072009999997, -82.58871312 27.59679099, -82.60814916 27.59197698, -82.633217039999991 27.594063, -82.63140012
832                                     UHC of Corpus Christi                              POLYGON ((-100.21218984 28.196838, -100.17254483999999 28.17065799, -100.09061711999999 28.138087979999998, -100.00156104 27.99188001, -99.95208516 27.96674598, -99.87532992 27.79677, -99.84205295999999 27.760355999999998, -99.75418884 27.699820019999997, 
833                                     UHC of Gainesville                                 POLYGON ((-83.348496 29.477108969999996, -83.31966899999999 29.458828979999996, -83.297649959999987 29.421560969999998, -83.267794079999987 29.421560969999998, -83.234331 29.41332597, -83.18730816 29.324211029999997, -83.176981919999989 29.294488979999997,
834                                     UHC of West Central Colorado                       POLYGON ((-105.17485283999999 39.68912304, -105.18458183999999 39.689108999999995, -105.18456203999999 39.692779019999996, -105.18818687999999 39.692059019999995, -105.18857603999999 39.692478959999995, -105.19096284 39.69272304, -105.20242415999999 39.692
835                                     UHC of South Central Dallas                        POLYGON ((-97.60957812 31.549803029999996, -97.58118816 31.514190029999998, -97.57340316 31.51814004, -97.57453104 31.51974996, -97.57384488 31.520505959999998, -97.57259891999999 31.520518019999997, -97.570968119999989 31.521383999999998, -97.56812196 31.
836                                     UHC of Fort Worth                                  POLYGON ((-98.116953119999991 32.56364196, -98.117016119999988 32.55757704, -98.11745891999999 32.554690019999995, -98.125746119999988 32.527116, -98.12614104 32.52571002, -98.125940879999987 32.52518001, -98.12637108 32.524949969999994, -98.130231 32.5121
837                                     UHC of Boston                                      POLYGON ((-71.23148316 42.25931703, -71.202888 42.240803039999996, -71.18553096 42.228609029999994, -71.18053596 42.22748799, -71.15902704 42.21843696, -71.147157839999991 42.210233009999996, -71.145312839999988 42.209206019999996, -71.142243119999989 42.2
838                                     UHC of Las Vegas West                              POLYGON ((-114.04990296 38.14860204, -114.05015495999999 38.57292099, -114.04983888 38.677364999999995, -114.63172307999999 38.677399019999996, -114.95103696 38.677309019999996, -115.00084691999999 38.67732297, -115.50086495999999 38.946923999999996, -115.
839                                     UHC of Hamilton                                    POLYGON ((-80.46564516 43.25253597, -80.460587879999991 43.23906702, -80.46054 43.23895803, -80.456299919999992 43.22838501, -80.454939119999992 43.224843959999994, -80.450732159999987 43.214464979999995, -80.44921692 43.210701, -80.44833888 43.20842499, -
840                                     UHC of Southern Alberta                            POLYGON ((-118.56083003999998 52.26784101, -118.55604204 52.266534029999995, -118.55480184 52.266194999999996, -118.55393711999999 52.265653019999995, -118.54740491999999 52.26154398, -118.54283616 52.258670009999996, -118.53789407999999 52.257321989999994
841                                     UHC of Central Ontario                             MULTIPOLYGON (((-85.319477999999989 49.710079979999996, -85.30976412 49.51197, -85.332313079999992 49.22026803, -85.33138788 48.771963989999996, -85.33325988 48.452678999999996, -85.335006959999987 48.191919029999994, -85.35507516 47.91430602, -85.27144788
842                                     UHC of Montana                                     POLYGON ((-114.72799787999999 49.00068099, -116.04919283999999 49.000912019999994, -116.04947184 48.621002039999993, -116.04889512 48.502190969999994, -116.04947111999999 48.21499899, -116.04889512 47.977376039999996, -116.016048 47.963753999999994, -115.9
843                                     UHC of Atlantic Canada                             MULTIPOLYGON (((-55.524218039999994 52.25828301, -55.588800959999993 52.419503969999994, -55.671836039999995 52.487535959999995, -55.749336119999995 52.93413603, -55.66307112 53.21709, -55.714737959999994 53.31586401, -55.696286159999993 53.494620029999993
844                                     UHC of Eastern Quebec                              MULTIPOLYGON (((-57.097854 51.42069297, -57.109386959999995 51.99184998, -63.812652119999996 51.992134019999995, -63.804349079999994 52.01201304, -63.812190959999995 52.03074897, -63.833871959999996 52.03301904, -63.850017959999995 52.071883019999994, -63.
845                                     UHC of Vancouver & Vancouver Island                POLYGON ((-127.78716203999998 51.15670101, -127.76514983999999 51.147064979999996, -127.72616111999999 51.13050903, -127.70381087999999 51.108190019999995, -127.92046896 50.960178, -128.44291896 50.804705969999993, -128.45694383999998 50.78768202, -128.393
846                                     UHC of British Columbia                            MULTIPOLYGON (((-117.23029487999999 50.64648201, -117.23031791999999 50.64732504, -117.23061311999999 50.647818959999995, -117.23102712 50.64829002, -117.23125391999999 50.648474969999995, -117.23232096 50.64920703, -117.23299307999999 50.64989301, -117.23
848                                     UHC of Eastern Ontario                             POLYGON ((-76.94786484 44.07189399, -76.95025704 44.07241896, -76.953201839999991 44.070107039999996, -76.958985959999993 44.06556798, -76.96047204 44.064177029999996, -76.960608839999992 44.064048959999994, -76.96173204 44.06299704, -76.965189119999991 44
849                                     UHC of Western Quebec                              POLYGON ((-75.074469119999989 46.21636503, -75.074484959999992 46.216251989999996, -75.07574892 46.20712104, -75.07578384 46.206838979999993, -75.078029879999988 46.197074969999996, -75.07805184 46.194406019999995, -75.078054 46.19435202, -75.07823508 46.1
852                                     UHC of Western Ontario                             MULTIPOLYGON (((-83.14949988 42.041230019999993, -83.127957119999991 42.046990019999996, -83.10839616 42.03939996, -83.00133215999999 42.012099, -82.957857839999988 41.98767201, -82.92281904 41.975218979999994, -82.896864839999992 41.981444999999994, -82.8
853                                     UHC of Southern Kansas                             POLYGON ((-102.05160407999999 40.00271796, -102.05058095999999 39.67650801, -102.04984692 39.57400998, -102.04687512 39.13303698, -102.04528787999999 38.61524898, -102.04442999999999 37.990238039999994, -102.04158491999999 37.64428299, -102.04164216 37.389
854                                     UHC of Northern Alberta, Saskatchewan & NWT        POLYGON ((-101.67102612 52.666964009999994, -101.67082199999999 53.016713999999993, -101.69960904 53.016059969999993, -101.70053784 53.36494002, -101.73545784 53.364607019999994, -101.73532284 53.714980979999993, -101.77076412 53.71514703, -101.76750503999
856                                     UHC of Chicago Western Suburbs                     POLYGON ((-88.688765159999988 41.924914019999996, -88.683461999999992 41.923901969999996, -88.683411959999987 41.922246959999995, -88.682194079999988 41.922261, -88.68220812 41.920469999999995, -88.67408687999999 41.919138989999993, -88.651941839999992 41.
857                                     UHC of Central Chicago                             POLYGON ((-88.07111316 41.96694204, -88.070429879999992 41.964784019999996, -88.06966596 41.96457702, -88.06971096 41.962877999999996, -88.06350096 41.963859989999996, -88.06376196 41.958779039999996, -88.06172004 41.95841004, -88.06106304 41.95667898, -88
858                                     UHC of Northwest Phoenix                           POLYGON ((-112.60930499999999 33.64330896, -112.60921499999999 33.638804009999994, -112.60872215999999 33.63658803, -112.60880388 33.554127959999995, -112.60238507999999 33.55412697, -112.60051992 33.55378002, -112.55988599999999 33.55233201, -112.54699115
859                                     UHC of Northwest Dallas                            POLYGON ((-98.57570184 32.88498498, -98.575696079999986 32.877995039999995, -98.574591959999992 32.87888802, -98.57306808 32.88132099, -98.572069079999991 32.881602959999995, -98.571106079999993 32.882762969999995, -98.568998999999991 32.884057979999994, -
861                                     UHC of Northwestern PA                             POLYGON ((-80.51983308 41.983745039999995, -80.519425919999989 41.97752397, -80.51938308 41.96501703, -80.519370119999991 41.891947019999996, -80.519361839999988 41.849582039999994, -80.51935608 41.819060969999995, -80.51928516 41.788038959999994, -80.5194
862                                     UHC of East Central Colorado                       POLYGON ((-104.286582 39.405237029999995, -104.28263387999999 39.40419798, -104.26496399999999 39.40425999, -104.263488 39.404511989999996, -104.24946383999999 39.40407198, -104.23701611999999 39.404123999999996, -104.21690399999999 39.404167019999996, -10
863                                     UHC of Atlanta North                               POLYGON ((-84.322175039999991 34.98840801, -84.807795959999993 34.98794604, -84.84991092 34.987832999999995, -84.93978492 34.98794604, -85.470991919999989 34.982773019999996, -85.605166079999989 34.984679039999996, -85.583144879999992 34.86037104, -85.4622
864                                     UHC of Northern Nevada                             POLYGON ((-120.30895691999999 40.72527999, -120.35657592 40.791033, -120.36042504 40.794860969999995, -120.36597911999999 40.79862396, -120.36471083999999 40.79969001, -120.36528791999999 40.874020019999996, -120.444498 40.873815, -120.45524687999999 40.86
865                                     UHC of Los Angeles South                           MULTIPOLYGON (((-118.05846084 33.846337979999994, -118.06085483999999 33.846236999999995, -118.06119215999999 33.846179039999996, -118.063503 33.84620604, -118.06601183999999 33.84619803, -118.07215595999999 33.84614601, -118.07626787999999 33.846120989999
866                                     UHC of Southern Colorado                           POLYGON ((-104.92373592 39.129812009999995, -105.02914392 39.12983901, -105.03354384 39.12981903, -105.17201496 39.12954102, -105.17474087999999 39.12798897, -105.17539283999999 39.126818969999995, -105.17763095999999 39.12558498, -105.17861411999999 39.12
867                                     UHC of Western North Carolina                      POLYGON ((-82.84572107999999 34.409507039999994, -82.82642688 34.40885796, -82.81762884 34.397802989999995, -82.80554292 34.39931301, -82.796384159999988 34.40705499, -82.788701039999992 34.40995299, -82.78075007999999 34.405374959999996, -82.78096896 34.4
868                                     UHC of Northern Wisconsin and the UP               MULTIPOLYGON (((-85.86300996 46.696813019999993, -86.11163891999999 46.66638699, -86.15481408 46.688604029999993, -86.31240084 46.610063999999994, -86.40522684 46.56852504, -86.461354079999992 46.57001004, -86.59303596 46.477919969999995, -86.61246516 46.5
869                                     UHC of Dayton                                      POLYGON ((-84.77529084 40.33080396, -84.803643 40.330845, -84.805958159999989 40.208677019999996, -84.80870603999999 40.10721597, -84.80891808 40.09262697, -84.809784959999988 40.048921979999996, -84.809984039999989 40.03888797, -84.810831119999989 40.0049
871                                     UHC of Tallahassee                                 POLYGON ((-84.93427116 30.60636399, -84.93132492 30.606359039999997, -84.91211208 30.605794019999998, -84.88331892 30.60559296, -84.88331892 30.562229969999997, -84.882618 30.533100029999996, -84.815876159999988 30.533210999999998, -84.81561516 30.51849203
872                                     UHC of Southern Mass & Cape Cod                    MULTIPOLYGON (((-71.19178595999999 41.44723398, -71.036331839999988 41.47881003, -70.92536184 41.52394296, -70.92609696 41.573808989999996, -70.88322708 41.59964403, -70.862895 41.579673029999995, -70.818066 41.576558039999995, -70.79969304 41.60770398, -7
873                                     UHC of North Central New York                      POLYGON ((-76.415063039999993 42.33699099, -76.424051159999991 42.336431999999995, -76.424145119999991 42.336174959999994, -76.422908159999992 42.335271989999995, -76.42187604 42.332967, -76.419570959999987 42.331092029999994, -76.41975384 42.32588904, -76
874                                     UHC of San Antonio West                            POLYGON ((-101.76091308 29.77575399, -101.64177683999999 29.752034039999998, -101.57403203999999 29.76979401, -101.56775003999999 29.79872703, -101.53616688 29.801284019999997, -101.53701 29.758854959999997, -101.49652115999999 29.76371802, -101.45441484 2
875                                     UHC of Missouri Northeast                          POLYGON ((-91.94311296 40.605827039999994, -91.94605596 40.417189019999995, -91.94647284 40.40252298, -91.949747039999991 40.30083999, -91.95078491999999 40.25725101, -91.95166296 40.213951019999996, -91.949283 40.15278099, -91.951228079999993 40.03633602,
876                                     UHC of Southern New Mexico                         POLYGON ((-109.04680008 33.955686, -109.04658192 33.90723603, -109.046943 33.778233, -109.04704991999999 33.717605039999995, -109.04685588 33.617159009999995, -109.04710284 33.36522201, -109.04723784 33.208965989999996, -109.04711112 32.99225103, -109.0471
878                                     UHC of Southern Atlantic Coast                     POLYGON ((-79.285493159999987 33.10293897, -79.24434984 33.11647299, -79.17759396 33.16092201, -79.156683 33.21409599, -79.15748688 33.28875504, -79.141400999999988 33.34588299, -79.123707 33.397602029999994, -79.077863159999993 33.462711, -79.02317088 33.
879                                     UHC of Georgia Northeast                           POLYGON ((-84.166154999999989 33.86484297, -84.16642788 33.86359503, -84.16732608 33.86315502, -84.170158919999992 33.858926999999994, -84.17206404 33.85775997, -84.17314008 33.85821096, -84.17583612 33.85558701, -84.177397079999992 33.85471698, -84.179289
920                                     UHC of Southern Washington                         POLYGON ((-121.76078688 46.782521009999996, -121.76509103999999 46.780381979999994, -121.77725111999999 46.776286979999995, -121.78365695999999 46.772712989999995, -121.78591811999999 46.770510959999996, -121.78838015999999 46.769135039999995, -121.7907190
921                                     UHC of Southern Virginia                           POLYGON ((-77.25041388 37.380972959999994, -77.258363039999992 37.381751009999995, -77.26553604 37.38050802, -77.26999608 37.37586303, -77.270634 37.37067003, -77.26914 37.366284959999994, -77.268103919999987 37.36242198, -77.268821039999992 37.358559, -77
922                                     UHC of East Valley                                 POLYGON ((-111.21217487999999 33.08493996, -111.21437807999999 33.08688099, -111.22780103999999 33.09351804, -111.23717507999999 33.09543702, -111.24195587999999 33.09730704, -111.24469799999999 33.09896601, -111.24937512 33.100876979999995, -111.25012896 
923                                     UHC of Northern Milwaukee and Suburbs              POLYGON ((-90.236022119999987 44.02424403, -90.211953959999988 43.995427019999994, -90.21179592 43.985130029999993, -90.21178296 43.98101703, -90.12240288 43.98103404, -90.122513039999987 43.966463039999994, -90.102422879999992 43.966440989999995, -90.1021
924                                     UHC of Central Connecticut                         POLYGON ((-73.498731839999991 41.89012002, -73.50708888 41.80070196, -73.51131312 41.752829969999993, -73.517776919999989 41.670846, -73.51806492 41.66683002, -73.50675984 41.665896, -73.50661908 41.66551197, -73.506704039999988 41.66380503, -73.50567588 4
925                                     UHC of Coastal New Jersey                          POLYGON ((-74.43459 39.854799, -74.412640079999989 39.81287304, -74.455188119999988 39.83160501, -74.474217 39.835977029999995, -74.48653116 39.83337099, -74.51142587999999 39.82901202, -74.53525284 39.81850299, -74.53671912 39.82268601, -74.53692792 39.82
926                                     UHC of Delaware                                    POLYGON ((-76.13547408 39.72160701, -76.17717504 39.72140604, -76.23327816 39.72130497, -76.22427708 39.702906, -76.163553 39.65133204, -76.14649188 39.621744, -76.136364 39.61498203, -76.10625612 39.580720019999994, -76.07603087999999 39.54349602, -76.052
927                                     UHC of South Central Louisiana                     POLYGON ((-94.475484 29.674172969999997, -94.438995119999987 29.67266196, -94.42780307999999 29.677587029999998, -94.37468616 29.677327019999996, -94.371118919999986 29.692258019999997, -94.355066159999993 29.69251803, -94.354210079999987 29.56101498, -94.
928                                     UHC of S E Ohio                                    POLYGON ((-83.00268792 40.135844969999994, -83.005376039999987 40.135925969999995, -83.00498508 40.129571969999994, -83.00482092 40.127297039999995, -83.004575039999992 40.127288039999996, -83.00007396 40.12710903, -82.99389384 40.12683102, -82.99141596 40
929                                     UHC of Northeast Houston                           POLYGON ((-95.603212079999992 30.52463202, -95.59942199999999 30.506344019999997, -95.579462159999991 30.482003969999997, -95.58375912 30.460102019999997, -95.58823392 30.455926019999996, -95.585351039999992 30.45341997, -95.59183608 30.44568897, -95.60258
930                                     UHC of Southwest Houston                           POLYGON ((-95.98966884 29.571017039999997, -95.98932504 29.540222999999997, -95.984762039999993 29.540739959999996, -95.98462488 29.519070029999998, -96.021236159999987 29.517410969999997, -96.031995119999991 29.511910979999996, -96.03036288 29.50806095999
931                                     UHC of North Dallas                                POLYGON ((-97.97826708 33.77404998, -97.978804919999988 33.72747696, -97.97759208 33.72850296, -97.97427504 33.72983199, -97.97375484 33.73063398, -97.970546879999986 33.73122996, -97.96934087999999 33.73047396, -97.967998079999987 33.731687969999996, -97.
932                                     UHC of Eastern Iowa                                POLYGON ((-93.024304919999992 43.49973402, -93.024592919999989 43.48751598, -93.044703959999993 43.487451, -93.044801159999992 43.471601009999993, -93.044739959999987 43.46560899, -93.02447196 43.465679009999995, -93.02448815999999 43.44385302, -93.0445581
934                                     UHC of Central Illinois                            POLYGON ((-91.47742308 40.31498997, -91.51298892 40.140960029999995, -91.48565916 40.02706602, -91.45792116 39.975300989999994, -91.420149959999989 39.928475969999994, -91.45032984 39.885393959999995, -91.43755992 39.85466598, -91.37713608 39.8063400299999
935                                     UHC of North Western Colorado                      POLYGON ((-106.59921515999999 38.997993959999995, -106.59543083999999 39.002131979999994, -106.59445595999999 39.00418497, -106.59516299999999 39.01030497, -106.59492216 39.02081004, -106.59169295999999 39.024924029999994, -106.59259691999999 39.02762799, 
936                                     UHC of Southwest Arizona                           POLYGON ((-115.67711016 33.42699198, -115.90199387999999 33.426479969999995, -115.81763111999999 33.28798104, -115.71955487999999 33.184095029999995, -115.78754195999998 33.138196019999995, -115.78758588 33.13898001, -115.78829615999999 33.13942704, -115.7
937                                     UHC of Northern Arizona                            POLYGON ((-114.65755487999999 35.021546009999994, -114.75968687999999 35.104013009999996, -114.76238183999999 35.104053959999995, -114.76591991999999 35.10320796, -114.76892808 35.10382797, -114.77455488 35.103440969999994, -114.77550203999999 35.10362403,
938                                     UHC of South Nashville                             POLYGON ((-85.86382716 34.98833196, -85.86366192 35.09178498, -85.84564103999999 35.08097004, -85.83899796 35.05792896, -85.83392592 35.06068404, -85.83382008 35.07863103, -85.81447188 35.07918804, -85.83936012 35.10068103, -85.81635288 35.103777029999996,
939                                     UHC of Northwest California                        POLYGON ((-122.33064203999999 37.89211599, -122.31274787999999 37.89737496, -122.30914716 37.89790497, -122.306193 37.898260019999995, -122.30370504 37.89853497, -122.30009711999999 37.898508959999994, -122.299893 37.89826497, -122.29675307999999 37.899028
940                                     UHC of Metro Sacramento                            POLYGON ((-121.40855207999999 38.4525, -121.41060696 38.45671299, -121.40564903999999 38.455936019999996, -121.40507303999999 38.452596029999995, -121.39715808 38.45231199, -121.38176591999999 38.452599989999996, -121.38174792 38.45222199, -121.38166116 38
941                                     UHC of North Central Indiana                       POLYGON ((-84.803643 40.330845, -84.80412 40.352843969999995, -84.804510959999988 40.396974029999996, -84.80257488 40.513613039999996, -84.80239092 40.538567969999995, -84.80226492 40.572215009999994, -84.80245896 40.57221204, -84.80222891999999 40.6158949
942                                     UHC of Northeastern Ontario                        MULTIPOLYGON (((-76.78866312 44.097468029999995, -76.69230911999999 44.103905999999995, -76.610450879999988 44.185150979999996, -76.63688388 44.197721009999995, -76.802732999999989 44.14437504, -76.81680216 44.12843298, -76.78866312 44.097468029999995)), (
943                                     UHC of Southeast Arizona                           POLYGON ((-109.04761296 32.42637801, -109.04711687999999 32.77757097, -109.04711112 32.99225103, -109.04723784 33.208965989999996, -109.04710284 33.36522201, -109.04685588 33.617159009999995, -109.04704991999999 33.717605039999995, -109.046943 33.778233, -
944                                     UHC of Central Michigan                            POLYGON ((-83.695318919999991 43.306787969999995, -83.69514396 43.325999999999993, -83.69837208 43.32662703, -83.698371 43.32841497, -83.68588296 43.32558699, -83.685185999999987 43.32593799, -83.68130412 43.326375029999994, -83.680553159999988 43.32658599
945                                     UHC of Eastern Michigan                            POLYGON ((-83.87601407999999 42.825329999999994, -83.87399196 42.78162699, -83.88472716 42.781672979999996, -83.88774108 42.78234402, -83.88916488 42.783255, -83.892646079999992 42.783240959999993, -83.89385892 42.783208019999996, -83.893762079999988 42.78
946                                     UHC of Northern Virginia                           POLYGON ((-77.27144904 38.364332039999994, -77.29328808 38.47757796, -77.24736684 38.56382496, -77.17346784 38.61612297, -77.123448 38.62987803, -77.127096959999989 38.670042959999996, -77.114756879999987 38.680983, -77.12200116 38.685815999999996, -77.127
947                                     UHC of Western Maryland                            POLYGON ((-78.853438079999989 38.78660898, -78.850566 38.791074959999996, -78.849813959999992 38.79301203, -78.848187119999992 38.79497799, -78.846630839999989 38.79603504, -78.84566316 38.79846801, -78.841559879999991 38.803104, -78.83876699999999 38.8070
948                                     UHC of the Lehigh Valley                           POLYGON ((-75.13895412 40.954377959999995, -75.14743716 40.950548999999995, -75.15149004 40.94942301, -75.16260396 40.94822799, -75.16999512 40.94803098, -75.17430612 40.94678601, -75.17695212 40.945382009999996, -75.17707704 40.943025989999995, -75.177987
949                                     UHC of North Central New Jersey                    POLYGON ((-74.33612316 40.86801396, -74.33875404 40.86708597, -74.33988588 40.86704997, -74.33974008 40.861317959999994, -74.34101016 40.858598969999996, -74.341811159999992 40.85855901, -74.341635119999992 40.859791019999996, -74.34246096 40.85963802, -74
951                                     UHC of New York Finger Lakes Region                POLYGON ((-76.44182112 42.31255698, -76.44175091999999 42.317969039999994, -76.465575 42.318081, -76.46550083999999 42.34286097, -76.456969919999992 42.338381039999994, -76.446198 42.33146202, -76.439705039999993 42.330146039999995, -76.43952216 42.3316700
952                                     UHC of Central Massachusetts                       POLYGON ((-71.30821212 42.270843959999993, -71.31170196 42.27629697, -71.32202208 42.295069979999994, -71.32178304 42.295905989999994, -71.32271688 42.29625204, -71.326134 42.30366201, -71.329632839999988 42.31263798, -71.329632839999988 42.31314396, -71.3
953                                     UHC of North Utah                                  POLYGON ((-111.88845108 40.687039979999994, -111.87702395999999 40.68706203, -111.87680399999999 40.72544001, -111.86118683999999 40.725389969999995, -111.86113391999999 40.727401019999995, -111.85965288 40.727373029999995, -111.85963308 40.728364019999994
954                                     UHC of East Charlotte                              POLYGON ((-80.788553999999991 34.94268099, -80.78855003999999 34.942681979999996, -80.782023959999989 34.935612029999994, -80.79754392 34.819786979999996, -80.644656959999992 34.81856901, -80.56165788 34.817481, -80.41284791999999 34.815576959999994, -80.3
955                                     UHC of East Tampa/Lakeland                         POLYGON ((-81.37428912 28.022294969999997, -81.376381079999987 28.022021999999996, -81.37651212 28.021253039999998, -81.377277119999988 28.020534029999997, -81.37675188 28.019910959999997, -81.377038079999991 28.019405969999998, -81.37621691999999 28.01928
956                                     UHC of East Orlando                                POLYGON ((-81.34932708 27.963458009999997, -81.349208999999988 27.963386999999997, -81.34406892 27.96108399, -81.34154604 27.961259039999998, -81.34233696 27.95937399, -81.346979879999992 27.96095097, -81.33604812 27.949276979999997, -81.33670692 27.948733
957                                     UHC of Northwest Oklahoma City                     POLYGON ((-97.569891 35.435232989999996, -97.539085079999992 35.43523596, -97.539075 35.442420029999994, -97.53948 35.442422009999994, -97.53948 35.44298199, -97.53832908 35.44300998, -97.53832908 35.44242498, -97.530140159999988 35.442468, -97.53011387999
958                                     UHC of North Seattle                               POLYGON ((-122.33632607999999 47.88022599, -122.33270015999999 47.872324979999995, -122.34176387999999 47.849322959999995, -122.35341707999999 47.84317803, -122.39692416 47.80437498, -122.399514 47.781197999999996, -122.37568884 47.729402009999994, -122.38
959                                     UHC of Oceanside                                   POLYGON ((-116.68208795999999 33.427213019999996, -116.80598015999999 33.42690396, -116.80749288 33.42449601, -116.80699211999999 33.42270303, -116.80842095999999 33.42032199, -116.80848107999999 33.41890197, -116.80883711999999 33.41844396, -116.811254879

(206 rows affected)


Completion time: 2023-11-22T06:56:42.3694778-07:00
